[gd_scene format=3 uid="uid://c3m58n1bavbec"]

[node name="Ball" type="Node3D"]
transform = Transform3D(0.719459, 0.694527, 0.00347758, -0.694345, 0.719369, -0.0198203, -0.0162674, 0.0118451, 0.999797, 0, 0, 0)

[node name="RigidBody3D" type="RigidBody3D" parent="."]
transform = Transform3D(-0.707869, 0.145961, 0.691098, -0.634019, 0.299986, -0.712762, -0.311355, -0.942711, -0.119809, 0, 0, 0)

[node name="CSGSphere3D" type="CSGSphere3D" parent="RigidBody3D"]
transform = Transform3D(1, 0, 0, 0, 1, 0, 0, 0, 1, 3.60802, 4.52955, -4.11233)

[node name="CSGBox3D" type="CSGBox3D" parent="."]
transform = Transform3D(0.876146, -0.481184, -0.0287902, 0.48043, 0.876538, -0.0294868, 0.0394243, 0.0120031, 0.999151, -4.1, 7.45058e-08, -4.01)
size = Vector3(16.7104, 1, 15.7509)

[node name="CSGBox3D" type="CSGBox3D" parent="CSGBox3D"]
transform = Transform3D(-1, 0, 8.74228e-08, 0, 1, 0, -8.74228e-08, 0, -1, -1.74159, 1.38325, -7.50576)
size = Vector3(19.78, 2.45593, 1.208)

[node name="CSGBox3D4" type="CSGBox3D" parent="CSGBox3D"]
transform = Transform3D(-1, 0, 8.74228e-08, 0, 1, 0, -8.74228e-08, 0, -1, 7.68127, 0.996794, 0.718281)
size = Vector3(1.31788, 2.78284, 15.4723)

[node name="Camera3D" type="Camera3D" parent="."]
transform = Transform3D(0.999867, -0.0162728, -0.000394648, 0.0162389, 0.995525, 0.0930962, -0.00112205, -0.0930903, 0.995657, -6.43841, 9.93958, 15.2397)
fov = 45.0

[node name="CollisionShape3D" type="CollisionShape3D" parent="."]
transform = Transform3D(0.994263, 0.0304806, 0.102531, -0.0258157, 0.998584, -0.0465226, -0.103804, 0.0436088, 0.993641, 0, 0, 0)
