[gd_scene format=3 uid="uid://dblgpo7n5av55"]

[node name="Node3D" type="Node3D"]

[node name="CSGBox3D" type="CSGBox3D" parent="."]
transform = Transform3D(0.999987, 0.00510599, -0.000583354, 0.00508384, -0.999437, -0.0331501, -0.000752289, 0.0331466, -0.99945, 0.37364, -0.775118, 0.383045)
size = Vector3(7.465, 0.001, 7.791)

[node name="CSGSphere3D" type="CSGSphere3D" parent="CSGBox3D"]
transform = Transform3D(0.0268424, -0.996151, -0.0834461, 0.999094, 0.0294917, -0.0306796, 0.0330225, -0.0825469, 0.99604, 0.125411, -1.11244, -0.0972524)
radius = 0.463262

[node name="CSGBox3D2" type="CSGBox3D" parent="."]
transform = Transform3D(0.996752, 0.0329528, -0.073482, -0.0342925, 0.999267, -0.0170447, 0.0728664, 0.0195092, 0.997151, -25.0098, -694.411, -15.7961)
size = Vector3(1, 1, 1.03467)

[node name="CSGBox3D" type="CSGBox3D" parent="CSGBox3D2"]
transform = Transform3D(1, 0, 0, 0, 1, 0, 0, 0, 1, 4.29153e-06, 1112.98, 0)

[node name="CSGBox3D" type="CSGBox3D" parent="CSGBox3D2/CSGBox3D"]

[node name="CSGBox3D2" type="CSGBox3D" parent="CSGBox3D2"]

[node name="CSGBox3D3" type="CSGBox3D" parent="."]
transform = Transform3D(0.999786, -0.0206632, 0, 0.0206632, 0.999786, 0, 0, 0, 1, -0.00951931, 1.42548, -3.42781)
use_collision = true
size = Vector3(7.53694, 1.5, 1.063)

[node name="CSGBox3D4" type="CSGBox3D" parent="."]
transform = Transform3D(0.990297, 0.138966, 0, -0.138966, 0.990297, 0, 0, 0, 1, -3.44745, 1.3819, 0.508142)
size = Vector3(0.708008, 1.5636, 6.79895)

[node name="CSGBox3D" type="CSGBox3D" parent="CSGBox3D4"]
transform = Transform3D(-0.00735768, -0.125293, -0.992095, 0.023668, 0.991821, -0.125434, 0.999693, -0.0244037, -0.00433224, 6.60884, 1.04806, -1.22276)
size = Vector3(6.36133, 1.43054, 1)

[node name="CSGBox3D5" type="CSGBox3D" parent="."]
transform = Transform3D(0.999443, 0, 0.0333645, 0, 1, 0, -0.0333645, 0, 0.999443, 0.292062, 1.49031, 3.18737)
size = Vector3(6.89661, 1.34583, 1.15956)

[node name="CSGBox3D" type="CSGBox3D" parent="CSGBox3D5"]
